10
1.076103772514699308e+01 1.216750164928284139e-01 4.438632327454256621e-01 3.336743273742668325e-01 1.494079073157606130e+00 -2.051582637658008745e-01 3.130677016509013644e-01 -8.540957393017247767e-01 -2.552989815834078691e+00 6.536185954403606058e-01
8.644361988595057333e-01 9.257834979593557279e+00 2.269754623987607633e+00 -1.454365674598764757e+00 4.575851730144606805e-02 -1.871838500258335980e-01 1.532779214358457542e+00 1.469358769900285022e+00 1.549474256969163022e-01 3.781625196021735635e-01
-8.877857476301127537e-01 -1.980796468223926965e+00 9.652087850673847669e+00 1.563489691039800511e-01 1.230290680727720742e+00 1.202379848784411287e+00 -3.873268174079522730e-01 -3.023027505753355659e-01 -1.048552965067092613e+00 -1.420017937178975176e+00
-1.706270190625012617e+00 1.950775395231789666e+00 -5.096521817516534991e-01 9.561925698388813899e+00 -1.252795360049926199e+00 7.774903558319100627e-01 -1.613897847557951515e+00 -2.127402802139687077e-01 -8.954665611936756253e-01 3.869024978592620068e-01
-5.108051375688730245e-01 -1.180632184122412109e+00 -2.818222833865486818e-02 4.283318705304176577e-01 1.006651722238316715e+01 3.024718977397813924e-01 -6.343220936809635946e-01 -3.627411659871381255e-01 -6.724604477759510424e-01 -3.595531615405412884e-01
-8.131462820444540496e-01 -1.726282602331676852e+00 1.774261422537528332e-01 -4.017809362082618851e-01 -1.630198346966044598e+00 1.046278225552577368e+01 -9.072983643832421841e-01 5.194539579613895175e-02 7.290905621775368717e-01 1.289829107574106681e-01
1.139400684543300679e+00 -1.234825820353652626e+00 4.023416411775490031e-01 -6.848100909403131986e-01 -8.707971491818817800e-01 -5.788496647644154613e-01 9.688447467872627783e+00 5.616534222974543800e-02 -1.165149840783356483e+00 9.008264869541871001e-01
4.656624397304598428e-01 -1.536243686277223741e+00 1.488252193795599698e+00 1.895889176030583156e+00 1.178779571159650708e+00 -1.799248358123509139e-01 -1.070752621510542513e+00 1.105445172693113598e+01 -4.031769469731796285e-01 1.222445070382427446e+00
2.082749780768602954e-01 9.766390364837127525e-01 3.563663971744018832e-01 7.065731681919481533e-01 1.050002072082047849e-02 1.785870493905835188e+00 1.269120927036199165e-01 4.019893634447016528e-01 1.188315069705625504e+01 -1.347759061142446368e+00
-1.270484998485733596e+00 9.693967081580111556e-01 -1.173123405114159912e+00 1.943621185649292649e+00 -4.136189807597473456e-01 -7.474548114407577604e-01 1.922942026480384703e+00 1.480514791434424327e+00 1.867558960426569881e+00 1.090604465827538583e+01
# b
-8.612256850547025389e-01 1.910064953099033680e+00 -2.680033709513803819e-01 8.024563957963951610e-01 9.472519677737479826e-01 -1.550100930908341890e-01 6.140793703460802888e-01 9.222066715665268033e-01 3.764255311556294337e-01 -1.099400790584194487e+00
